25,171
69,557
28,020,811
3,000
223,639
223,580
28,336,212
389,722
27,946,490
12,400
152,525
3,950
5,159,242
22,787,248
8,970,503
779,444
42,480
10,560,000
231,403
9,981,350
10,602,480
621,130
2,819,599
104,303
41,883
2,923,902
3,022,700
41,883
3,022,700
152,525
5,159,242
8,178
1,500
25,171
1,500
18,421
2,744
15,677
2,744
9,730,000
2,078
5,150
1,460
117,922
375,793
12,977
62,012
6,632
1,289,105
8,440,895
8,439,950
2,079
3,284
1,269
36,442
6,417,475
251,700
6,153
10,492,000
1,664
9,653
4,732
130,884
813,842
4,594
1,507
81,839
8,532
5,208
1,730,626
8,761,374
8,532
6,664
1,799
159,802
5,563,867
6,582
36,609
20,143
288,504
1,390
3,850
310,442
96,347
950,419
4,613,448
34,385
96,347
702,540
3,000
1,500
14,630,312
13,511,093
117,000
116,907
14,496
391,822
406,318
203,159
7,200
5,198
4,800
5,198
117,000
13,390,499
12,366,126
117,000
14,508
373,126
186,563
250,000
125,000
200,000
250,000
25,877,219
125,000
200,000
250,000
249,907
250,000
125,000
200,000
25,627,312
230,646
25,171
3,000
22,171
2,237
27,946,490
250,000
27,696,490
19,934
8,760
8,440,895
147,500
36,875
9,267
500,000
9,267
2,000,000
500,000
9,267
500,000
9,267
10,212
1,680
1,757
6,664
41,357
1,100
42,457
42,480
271,250
26,123
25,705
323,078
13,167
201,700
21,939
223,639
201,700
21,880
223,580
323,078
13,167
2,483,348
2,819,599
2,500
20,000
3,000,000
3,022,700
5,988,485
4,790,788
27,946,490
305,050
27,641,440
829,243
5,159,242
18,421
9,730,000
36,442
2,125,000
4,292,475
6,417,475
10,492,000
563,867
14,630,312
13,390,499
2,237
5,159,242
2,237
7,946,490
